5522139006159705|04|28|938|Denver Adams
5374100264491189|03|29|002|Laura Singleton
4670623659946669|09|29|680|Stephen Bliss
5356668112854495|03|31|288|Ross Hazelwood
5101970010438449|02|31|519|Milos Trajkovic
4921819086711943|01|31|119|Sarah Escott
5355221985295197|09|30|168|Andrea Bowie
4751290665180329|12|29|682|Samuel Ross
4658591787554075|10|29|176|Daniel Robinson
5355855677651579|04|30|398|Maria Süßmann
5355221164689418|08|28|881|Ellie Ahern-Farebrother
4921817741673037|06|31|028|Chen hua cheng Cheng
5355222254488901|06|31|622|CLAIRE COULTON
4706081847254868|01|30|689|VILMA GUMBREVICIUTE
4462916250046687|03|31|165|Emma Bigley
4921818482675215|02|31|082|Jayme-lee Jensen
5356664468438413|11|30|974|Phillip Doyle
4543139013130507|01|30|616|Christina Robertson
5355221418527638|09|29|840|Ellen Banks
4921816942395549|07|29|609|Lisa Bradley
5229489003903985|07|31|843|Theresa Warner-jones
5522139505106959|02|28|290|Emily How
5356481029849081|08|29|860|Andrea Alston
5355221751313448|07|30|392|Katie Cameron-Wheatley
5356663064409513|11|27|941|Katie Hodgens
4659443260906738|11|26|569|Sophie Glass
5374100001633457|08|28|314|Maria Bell
4659446511831308|11|29|457|Jonathan Stagg
4893960067472446|06|31|484|Adele Bayly
4658657778227011|06|31|782|Olivia Hall
4659231110339014|12|30|347|Joanne Peart
5454609802501823|09|28|982|Jody Eacott
5374100263842879|11|29|723|Megan Degurney
4633660001881893|07|28|688|Nandos Stratford On Avon Stratford On Avon
5168590239926113|11|30|750|Laura Steel
5404633010837275|11|29|469|Isabel Ewen
5356662139718858|09|28|237|Phoebe Marsh
4462911732151148|09|26|704|Beckie Smith
4659016471028037|06|30|561|Katy Glazer
4893960177981534|04|31|881|Meriel Hodgson-Teall
5356667590499260|07|30|859|Jess Upcraft
4659439573865892|03|30|431|Stephanie Jones
5373702149456914|01|28|482|Catharine Archer
4921817948537050|07|27|499|Sophie Towle Towle
4658593163308050|11|28|893|Avani Sohal
4921819766570320|10|29|117|gemma buck
4462919538226865|03|27|366|Samantha Burns
5356668083444532|09|30|477|Ellie Tin
4659220197237019|02|30|882|Rowena Reyes
4659435695578538|05|31|983|Megan Calderwood
4546384903233238|05|27|934|Jack Richard Ridgley
341275750381002|04|31|1465|Ben Bohan-Jones
5355222228887071|03|31|121|Hussain Malik
4400669073914384|11|28|359|Christian Hoerger
5355222084034511|11|30|397|Emily Clayton
5574833711466275|11|29|721|Caitlin Wilkinson
4751391223321106|05|29|160|Marika Davino
5299307904666557|06|27|156|Tracy Hoffman
4751411343832301|07|31|029|Jack Clarke-Williams
5276698415480802|05|29|447|Sally Hemmings
4659448852173209|02|30|393|Charlotte Williams
5460976189415618|07|30|020|Laura Gracey
5374100527737766|02|28|301|Maham Awais
4929153022335001|01|31|874|n Koren
5373700249151914|09|27|808|Kerry Richards
4658591425536021|12|30|025|Georgie Hermitage
4929151135490002|08|30|775|Lou Heffernan-Glover
4543132685535103|04|29|448|Saleh Ahmed
4670625964633593|01|29|973|Karen Jones
5451405000263636|04|28|130|Jo Dean
4147202462065796|09|30|288|Cynthia Stone
4921817745721733|06|29|498|Beve Battersbee
4462911892216939|10|29|332|Israh Shabbir
4659431321546437|07|31|864|Martin Martin
5522131102323913|04|29|161|Rosy Ellis
5573517022841513|03|31|691|Mhairi Ferguson
4391200100389852|10|26|398|Ana Claudia Oropeza
5355221614883124|05|30|476|Nikisha Chala
5193458488798683|05|29|556|Jasper Vivian
5143773931976707|05|27|909|Marilyn Draper
5311063931932348|01|27|244|Darlene Mathews
5328395487835595|05|27|951|Angelina D Shaw
5527360406124553|01|27|678|Martha Keener
5187252885117748|08|27|275|Michele Loring
5328395081727792|09|27|242|Renee L Sowers
4347695935207648|07|27|918|Christine L Coventry-Stephens
4782002047046489|05|27|743|Amanda Gaerttner
4701320330847878|10|27|330|Daylin winn
4400665739378550|04|28|480|Bertia Fay Curry
5312600149641085|12|26|452|Matthew Drummer
4815820342234927|03|27|178|Chad Bowles
4037660573166246|12|27|609|Peggy Brandenburg
4147099150219945|07|27|139|Tonya R Cook
5122300928269048|01|27|717|Aaro Thomas Perry
4254184831435687|04|28|343|Kathy Cimino
5156769415277418|04|27|314|Celenah bush
4165388757620101|11|27|065|Lyndsey Alexander
4037840111755680|12|26|763|Michele Carrillo
4217833024681822|05|27|310|Brian Toppi
4147097955237096|12|27|365|Charles Pfizenmayer
5171489500116865|02|27|610|Leonard F Tellone Jr
4165980623651474|09|28|494|James Heinsz
4037840109374221|07|27|186|Larry J Jacobs
5143772719061039|08|27|638|Richard Chatlosh
4100390089860841|11|26|954|Autumn Wemitt
4147400347110569|05|27|692|Meareather Seals
4165987026053836|02|27|499|jon parmenter
4366183849243872|11|28|461|Judy Thompson
5488093707922774|03|27|288
4375070110129592|04|29|064
4748440830268980|09|28|635
5363470004187592|07|27|797
5210690535125283|06|27|188
4292530190699483|12|27|962
5363435314491190|04|29|107
5210690407401374|09|28|676
4162950168828020|02|28|798
4162960180743438|01|28|346
5488093708784520|10|27|228
5455122806561750|08|27|095
5464970702648132|09|26|023
5286676351985206|12|27|658
5286673024823575|12|27|268
5286675706758367|12|27|779
4895040515919716|12|27|752
5455126210115483|06|27|611
4748443120059341|01|28|714
4162982202575473|06|27|746
5496272068916779|10|26|155
5363470068974000|01|29|625
5363470038587874|02|27|822
4162960188453055|11|27|498
4162950137669000|02|27|925
5363470092586788|11|27|695
5464970822192094|10|27|594
5188860123469025|09|26|598
4748440560178706|11|27|898
5286676587912545|12|27|863
4162950188517215|12|27|485
5496272022852110|09|26|094
4748440940870915|07|28|121
5496272087605502|02|27|547
5496272001010177|01|27|932
4183590245677100|09|26|097
4187495188558661|12|26|885
4368610231510003|05|27|469
5363470080048767|08|30|742
4126118204997002|04|27|063
4895040519720433|03|27|452
5573152422331467|01|27|098
5488093707579459|09|26|557
4188984900608291|12|26|509
4162950148865217|02|27|237
5210690426118934|12|27|091
4748441930017483|07|27|023
4890120131197767|02|28|179
4748441980346790|03|29|130
5210690359009589|01|28|303
5363470060840092|10|29|696
4895040536570696|07|27|017
4311701765159008|12|26|138
5363470005832022|03|27|938
5210690548628612|12|27|705
4608887805238043|03|27|011
5540450503035050|09|27|685
5363470063073303|12|28|280
4748443230130792|03|30|766
4162960190842287|11|27|141
5363470059331723|03|30|466
4748443561029894|01|28|988
5318260035673074|09|27|930
5210690555953226|07|27|985
4748440800313097|05|29|612
4748443561027344|01|28|817
4895040565449705|05|27|794
5336539710075632|10|26|308
4895040567559857|06|27|334
5203539140408551|12|26|149
5488093707661398|11|26|765
4895040557870777|03|27|923
4162960159499129|03|27|031
4375070108755440|06|28|535
4619840112415579|04|27|220
5101860001824113|03|27|436
4034185303004809|09|26|748
5363450385157521|12|27|572
5286675372326531|12|27|970
4183580546967102|12|26|815
5363470075758156|03|30|338
4748443580113539|02|28|155
5363470080248359|04|30|408
4748440530161410|11|27|119
5179685993568007|03|27|053
5210690469340395|10|27|669
5363470069478266|08|30|976
5424587005316024|03|27|174
4009936967632017|08|27|492
5363435714732300|11|28|691
5210690535504859|06|27|271
5102669012960892|07|32|961
5286672805637279|12|27|145
4183590515485101|05|27|104
5210690434868397|02|27|576
4895040587873908|11|27|163
4162960190505355|11|27|278
5363470079483595|04|30|958
4748441440221765|08|28|310
5179888129600005|03|27|878
4748441310128355|01|28|902
5363470096414888|03|29|970
4188984900981441|05|27|301
4183580601016100|06|27|865
4188984900782054|09|26|133
4748443630159326|12|27|684
5149210032482008|09|27|069
5203539131283724|10|26|571
5210690497206048|06|27|576
5286670920030446|12|27|365
5286674862632193|12|27|856
4748441861347610|03|30|889
5464971863113528|05|27|056
5210690525774462|03|27|179
5286674180595767|12|27|782
4162960155079610|03|28|006
4895040486358704|01|27|069
5464985962688503|07|27|509
5239940001490266|05|27|042
5363340038776878|03|27|785
5318260029847536|10|26|975
5318260032528883|03|27|376
4748443400236635|12|27|854
5363470073754116|01|28|635
4162960191586339|11|27|684
5363470083503388|12|27|941
5363470081892528|11|29|553
5363470071367325|04|29|502
5488093801370292|11|26|374
4748443510023790|08|27|943
5363470005052175|10|26|961
5363433625189694|06|27|523
5210690518873008|02|27|001
5363470074400230|12|27|404
5286671689072033|12|27|150
5210690377661908|03|28|820
5363470051247851|03|30|594
5210690277554807|09|27|654
4183590504551103|03|27|606
4162950127879171|03|27|522
4748442900185177|11|27|157
4162960172638216|07|27|214
5210690415408718|10|28|198
5286670893858799|12|27|168
4748440680087076|03|28|185
5210690235175885|10|26|471
5363431394349085|10|28|138
5363470094536427|02|28|775
5363470040003126|05|27|223
4162950112194743|09|27|732
5464985170567317|02|27|630
5488093708698530|09|27|266
5286671396042055|12|27|638
5210690488320832|02|27|206
4748441190384359|07|28|523
5102669040748988|07|32|269
4748440550309816|11|27|644
5226040054517100|10|27|485
5203152070212389|10|26|337
5363470071930999|06|29|804
4895040538164712|08|27|402
5179688862103005|09|27|098
5363470099422011|09|30|792
5363470089693803|03|28|784
4889570002879138|06|27|952
5440445785229364|10|26|177
5424587005604643|05|27|531
5424587006050457|08|27|934
5210690559557361|05|27|659
5363470096601344|06|28|512
5210690267019357|03|27|643
5424587000216385|09|26|096
4404530248308371|10|26|111
4895040558473084|03|27|999
4895040506863345|09|27|127
5464970747152454|03|27|560
5210690245712628|11|26|763
5363470070953430|09|29|874
5455122904041382|04|27|450
5363470061779539|04|30|387
4895040499051304|07|27|969
4183580537285100|11|26|968
4404540796969722|03|27|950
5210690448866148|06|27|586
5102669018200756|02|29|965
377670294714766|09|29|5520
377670294714378|09|29|0795
4009937099225001|01|27|825
4006762650474498|11|28|633
4009937032776003|06|29|028
4009936976570000|04|35|808
4009937099729010|10|31|278
4009936976736007|12|35|279
4025300813944011|05|30|653
4034185303084066|10|26|708
4061590801630383|12|27|423
4061598000281312|01|27|410
4071709990381081|02|27|411
4069590197236458|11|31|525
4071706171741281|12|26|408
4126118562080003|11|27|781
4126128126353010|03|30|549
4126118217547000|02|27|258
5403791714742729|05|27|894
5210690259676156|02|27|666
5125711423576116|05|27|122
4183580748344159|04|29|767
4292530135924483|04|30|030
4293820884509000|05|29|768
4532485900460611|04|27|781
5286670663862898|12|27|462
5424823002984575|07|27|982
4895041700650801|08|31|428
4782672741669024|09|28|548
4183590054827200|05|28|593
5363470095706078|11|30|321
4413600072415276|04|29|875
5545506972320003|06|28|123
4895040900818879|08|31|552
4293820822277009|07|27|995
5203539134515080|10|26|389
4183590655843176|08|28|933
4413600042155218|12|28|105
5464971355637729|11|27|394
5363470103263658|10|31|172
4183590057241102|05|28|547
5218220324762906|09|28|759
5286670026075212|12|27|066
5437619001284685|04|28|845
4183580200423103|11|26|795
5363436478652635|04|28|301
5125710513509110|03|28|018
5226040087917103|10|28|512
5210690596131261|01|31|082
5286675883039102|12|27|947
5243021879826016|04|29|397
5424587008525092|08|28|352
5179821051190018|08|27|743
5488093704968721|07|28|499
5181789021314719|02|27|558
5210690359249383|01|28|719
4782672537530281|09|28|311
4619840112848290|05|28|108
5125710490141440|06|28|198
4183590080854111|07|28|465
5480950385353101|09|27|468
5181789021592843|08|28|059
4292530189212298|04|31|872
5488093700896009|06|29|515
4404530907792527|11|28|599
5488093701505567|05|27|735
5488093709366764|01|28|152
4782672655758250|02|28|058
5243010247482065|05|29|013
5488093704152821|08|28|953
5125710490140129|06|28|891
4293821696530002|01|27|044
5362573415062550|12|26|380
5362571973995435|11|27|242
5362575556977330|12|31|855
5362573432084843|03|31|385
5362572974443342|08|31|834
5362576510014293|05|31|818
5362570905604412|08|27|122
5362574616604661|06|32|659
5362573958161330|07|32|843
4895041500122316|11|42|929
4367413367895350|02|29|923
4539716807195857|06|32|246
5286675875992623|12|27|812
5532833108555004|09|28|087
5210690700655387|12|31|332
5363470074920716|04|30|588
4035517700492675|04|27|796
5318260018238192|08|27|304
4601860012646859|10|28|979
4311680102219545|05|30|074
5424821620366209|10|28|638
5424587006705191|11|27|034
4601860032391023|11|27|815
4188984901334152|02|28|874
4311701790958002|07|28|523
5488093808232305|02|28|638
5455122807521910|10|28|268
4601860002544775|08|28|217
4782672520449192|10|27|175
5203539141179482|10|26|569
5209249530642710|07|28|254
5102669042388585|09|32|696
5102669042223543|07|32|415
5203539133652025|10|26|365
5102669017315977|06|27|207
5102669017425727|07|27|079
4188984901876368|04|29|390
5363470167263537|08|31|291
5363470029538381|09|27|889
5363480000844898|10|28|543
5488093700951192|12|27|695
4162960133461948|04|29|390
4183580061454130|03|28|645
4601860011183128|06|28|085
5488093918418422|09|28|170
5488093808791169|07|28|118
4601860024435796|11|28|229
5488093709038934|11|27|116
5203539124649584|10|26|004
5243010253120153|03|28|685
5288620049823005|08|27|156
5363470034419890|08|27|649
5455126210685675|07|29|389
5540450503558143|07|29|925
5455122806927993|03|28|070
5488093906636308|09|27|619
5488093802269428|01|28|325
5488093918119483|07|28|296
4188984901138025|10|27|082
4782672903945873|09|27|866
5203539131688609|10|26|607
5102669040361725|06|32|855
5455122805226785|05|29|208
5203539240153883|12|26|981
5540450501374709|10|27|376
5540450500424554|09|28|500
5403791730790199|05|27|298
4375070113001889|07|29|023
5203539124136327|10|26|818
4025300001096376|06|29|811
4608887800532291|10|27|675
4601860005990819|03|28|182
5424587002131269|10|26|718
5102669042941409|05|27|741
5488093800500832|09|29|169
5230910005540779|05|28|974
5363470062647495|11|27|899
5203539135886324|10|26|721
4649950000403902|10|28|807
5424587005516466|10|26|264
5488093704240949|09|28|487
5286674425691983|12|27|217
5488093704023741|07|28|717
5488093808975960|08|28|154
5125711611167108|08|28|765
4601860038823888|08|28|302
4311701783952004|04|28|275
4188984901768540|01|29|669
5210690527098381|04|27|492
5488093808906643|07|28|892
5437619002612843|12|26|687
5203539131250384|10|26|847
5203539137444684|10|26|763
5179685991327000|05|28|829
5455122807743431|01|29|459
5203539139725379|10|32|198
5203539130484398|10|26|490
5540450501973609|04|29|402
5488093704718126|06|28|711
4126118644423007|07|29|973
4601860006644423|02|28|467
5243021820390005|09|27|913
5188690328067120|05|28|452
5488093918061438|03|28|908
5488093807493890|07|27|010
5203539140299182|12|26|119
5286672527515548|12|27|934
5203539141412552|10|26|511
5125712195720304|03|29|544
5455122903134923|05|29|588
5363480040292694|03|29|489
4601860000052938|12|27|475
5488093802917802|12|27|295
5286673617569288|12|27|476
5363435063946030|10|28|850
4183580682728102|11|27|588
5488093801423992|11|27|859
5464985150045235|10|28|275
5424587009331433|07|28|164
5464970265522542|10|27|435
5455126215152275|10|27|957
4601860025889017|03|28|776
5455122806106721|09|26|236
5179681080596001|11|26|687
5125711114177109|03|28|457
5125712077267101|06|27|936
5424587009077432|10|28|574
5125710625952125|01|28|011
5203539134727925|10|26|960
5424587003745752|03|27|843
5203539143271337|10|32|381
5203539130516769|10|26|414
5455122805976231|02|31|552
4001261000097005|10|29|147
5488093700750370|08|27|102
5336539710690778|07|27|226
5488093918311908|02|28|610
5125711509152105|12|27|751
5179821097393006|11|27|639
5243021212892014|07|27|840
5464985099735722|03|27|279
5230912020679715|08|27|192
4183590544766109|06|27|299
5455126215509235|11|28|356
5488093802246228|11|28|759
5363435043690344|10|28|050
4413600046016226|10|28|267
5464985152050688|03|28|325
5488093709510254|01|28|101
4413600043253848|05|29|381
5363470061952383|07|29|135
4188984902204115|09|29|617
5488093700517852|10|26|575
5437619002978996|09|27|270
5297633898624910|02|30|240
5488093802114160|08|27|002
5286677338278210|12|27|438
5455122807568101|10|28|757
5210690475989326|11|27|379
4895040507056451|09|27|841
4028431669196302|08|30|158
5363481302923364|03|39|791
5179822574330495|08|33|233
5210690428500105|01|27|546
4601860080369806|07|29|908
4034194268265942|06|35|787
4157644002594388|07|28|880
5424588288707244|09|36|571
5892707525380598|05|29|029
5210690485913001|01|27|359
4601860084562646|02|29|913
4895041400821272|11|29|788
5363470070800565|12|27|745
4126123429440382|10|28|748
5173564223231502|02|33|932
4157642307001125|11|28|904
5343990704427175|06|39|911
5134764842833104|01|34|387
5156039001172708|09|28|060
4741378925579266|11|33|945
5424585701624345|03|39|498
5892702580541580|02|41|268
4162961567996854|07|30|597
4413600011709177|12|28|325
4649959044043202|11|38|569
5329103395049096|01|32|773
4375070114545926|02|31|347
5545507092446009|01|30|654
5496278310986403|10|30|232
4649950000654025|02|38|062
4895040347034114|02|29|315
4895040397741626|02|27|237
4895040397747094|01|29|665
4895040407126354|10|31|852
4895040449755111|06|28|880
4895040489034781|03|27|178
4895040499064471|07|27|830
4895040743851269|07|27|861
4895040847711302|09|28|731
4895040847753395|02|33|757
4895040847762750|01|29|816
4895041353445566|11|27|685
4895041388385514|07|27|660
4895041388387304|03|27|121
4895041675126472|10|27|491
4895041675126837|10|27|747
4895041736411954|11|28|461
4895041736412366|03|28|553
4895041793603725|09|31|621
4895041793650957|10|26|964
4895042522621368|12|26|534
4895042522664038|12|28|389
4895042522664814|11|28|764
4895042522665019|12|28|691
4895042522668765|07|31|426
4895042522669631|07|31|290
4895044381579026|11|27|366
4895044466314646|03|27|939
4895044466315643|03|27|771
4895044825301185|12|31|797
4895045206512092|01|29|127
4895045206533296|06|27|144
4895045206537248|02|28|142
4895045206538501|02|28|347
4895045206580958|06|27|677
4895045206585932|06|27|668
4895045206587425|06|27|415
4895045206588712|06|27|772
4895045339575107|12|30|471
4895045339813490|11|26|722
4895045439186243|09|28|573
4895045561970364|08|28|894
4895045584314244|09|26|354
4895046345500576|11|26|427
4895046345500642|11|26|434
4895046345502440|11|26|399
4895046722498675|02|28|553
4895046828492945|08|29|750
4895046828494909|08|29|333
4895047521413402|12|29|518
4895047521869199|03|27|294
4895047539160284|03|28|703
4895047653174038|11|27|428
4895049029053573|01|28|810
4895049029704431|01|28|950
5210690445714929|04|27|726
5343991100580286|07|29|890
5363430044031556|01|27|558
5363430044255361|01|27|035
5363437814042762|10|28|175
5210690547388119|11|27|959
4601860073891840|04|29|099
5318260006843326|04|27|659
5237362249114016|09|26|060
5102669017330679|06|27|374
4601860035153727|01|28|190
5210690465839614|09|27|634
5210690366895202|02|28|251
4094400166404815|08|27|080
5488090187072336|06|30|215
4102542579344763|11|29|400
5343994052046520|04|28|374
4622670746769314|11|26|266
4741377225313061|05|28|482
4649955721057051|08|31|147
5329106458996418|08|32|050
4214340995715202|12|35|993
5437612587535679|03|37|133
4157644404323766|09|39|385
5424580618799793|05|34|140
5892706463319709|11|33|797
4617829007815581|10|38|683
4649957009431750|03|38|232
5329106109644268|05|29|005
4214341711475303|10|36|925
5437619472183960|08|40|095
4608887801495191|06|28|854
5363470179550459|11|33|467
5455122802667817|07|29|752
4617533435893075|01|38|849
4373158223107043|10|31|266
5286677534317077|12|27|875
4157643692200421|01|37|739
5424580362517052|01|37|987
5892706080561006|02|40|592
4157640080775766|11|28|212
4574539755793986|06|30|660
5496270057038548|01|36|780
4311706826151290|07|37|396
5179820541620584|09|34|087
5210690549787243|01|27|406
4165112119680508|09|37|023
4575560140485426|11|32|738
5121639150509790|05|35|189
5597446410078508|05|34|617
4215855522183664|05|35|903
5210690409903864|10|28|539
4034185303218177|10|26|983
4260809577040497|12|39|138
5471527179512224|11|27|079
4617622257980944|08|30|694
4126122052636464|04|41|481
4162989456395185|02|32|135
5488093807406371|06|27|145
5318260044701452|02|29|506
5392293341309173|12|39|303
4375070145975076|11|29|693
4363676120771142|04|34|572
5203523096746354|01|40|100
4895040516986516|01|27|720
4055997350506781|05|32|959
4902361501759168|12|38|137
5532831411039500|06|37|582
5333253211405685|06|34|466
4071705920862026|08|41|669
4573589369132403|11|40|700
4895040588812236|12|27|810
5125710488857197|05|28|819
5305261771721825|02|40|630
5203654246058406|09|32|234
5577536519626241|09|30|974
5297630114260693|10|32|248
5455122806609476|09|27|831
5363470135147408|02|32|625
4162954792124442|10|31|281
5363470091327440|01|30|146
4311796984247352|02|31|836
5318261530070774|01|28|754
4162960174276403|04|27|555
5345070159736210|03|30|568
5210690449702573|06|27|268
5210690595323026|01|31|821
4061592000750285|01|27|309
4608887808234601|04|29|859
5437617495872429|12|29|543
4157640937168876|02|33|284
5424580636094557|03|33|393
5892703804936598|09|36|700
4162960178235421|12|28|513
4895040599240088|02|31|376
5363012233433270|05|40|630
4617822603626213|09|41|211
4895040994004311|10|32|370
4895040913292252|10|32|710
4895040220375840|10|32|827
4895040251914384|10|32|243
4895040935487591|10|32|685
4895040096968744|10|32|163
4895040608156168|10|32|494
4895040960222640|10|32|469
4895040263576825|10|32|239
4895040330107448|10|32|664
4183581530673003|02|32|435
4413600059933093|09|28|669
4051913372512032|03|27|728
4162955690555629|09|28|677
4183581840071237|11|35|303
5471521301053231|07|28|497
5363014157881112|12|40|394
4617828378743463|10|34|795
4162957752733144|08|29|140
4162955370864192|08|34|160
4162950111813855|12|27|669
4782672562738601|10|27|972
4748440287542176|05|30|380
4895040519969725|03|27|606
4028939112401673|09|28|780
5210690528054938|05|27|014
5203539123732407|10|26|675
5540450502526547|11|28|551
4126118578751027|11|26|733
5210690418167519|11|27|455
5318260033903028|06|27|540
5471522680521533|10|27|320
4126118666197000|09|29|744
5218221385342521|12|32|048
5210690385316016|04|28|792
5210690446875315|05|27|970
6502026636840360|02|31|862
4608885900320419|02|28|086
5362577111347801|01|33|515
5218227411133628|10|29|327
5363470164030657|09|31|237
5362577125812774|05|30|739
5243010243758492|06|28|229
5125712193256459|10|28|105
4748440620129152|09|29|621
4834423016274001|01|27|189
4748440330117406|01|28|375
5540450503542758|11|28|125
5488093702352571|05|29|274
5455126210522282|05|27|546
5488093709986868|03|28|917
5455122801343543|12|27|540
5488093918266490|11|27|312
5240466560739353|02|28|281
5240466560726772|02|28|638
5203650603753647|05|29|766
5210690485517893|01|27|635
5455122807594701|11|28|339
4601860052599588|12|28|687
4601860043198672|03|28|646
5587691001490974|12|26|755
5455122904364735|03|29|066
5455122807191284|06|28|152
5488093810512819|09|29|917
5488093702779500|05|29|092
5455122802569146|12|26|543
5203650605268099|05|29|918
5455122802612805|10|28|286
5488093703554506|10|28|157
5318260021327974|03|28|482
5102669013417827|07|32|703
5488093708410886|07|27|763
5343996238285500|07|30|589
4413600053628160|08|29|118
4413600027188812|01|29|425
5488093703801410|12|28|174
5488093704848600|06|28|980
5151035000580482|05|30|879
5488093802402508|12|28|154
5540450505135262|05|28|286
4895040496807484|06|27|830
5488093707725383|12|26|288
4183580271287106|05|28|287
5286671162190427|12|27|782
5203650603448750|01|29|066
5318260031064609|12|26|862
4748440380364262|11|27|110
5488093809386951|11|28|933
5286677563816536|12|27|295
4368610234729006|12|28|066
5101860000001960|08|27|922
4183580713001107|12|27|442
4157640069057301|01|29|939
5455122807673323|12|28|814
5125712183679173|10|28|553
4748440820421680|11|30|643
4183580234009100|08|27|051
4539716807759819|05|27|136
5363430479131269|03|27|114
5203650601282177|07|27|671
4834423003547922|11|26|135
5210690599528919|02|31|713
4404531528038704|06|28|273
5286677006125917|12|27|527
5286673928069614|12|27|417
4895041100894579|11|29|579
5464970824255329|08|27|977
5488093704335939|03|28|792
5363470161856310|06|31|087
4782672720785031|09|27|215
5363470095987520|05|28|069
5318260014703835|01|27|255
4413600000517573|12|28|745
5243021227871011|07|27|363
5363470079094160|07|28|555
5424587004372119|12|27|804
5218220387555742|03|28|607
4157640033307006|09|28|294
5573151752597382|05|27|063
5338470122639351|12|28|113
4183590695738709|07|28|926
4162950140738305|08|27|185
5464970570572067|10|27|018
4601860013047438|03|28|936
4601860000113235|02|28|924
5540450504307912|09|27|048
4183580795126590|09|28|053
4162950160231595|03|27|616
5424587008171343|06|28|446
4895040701680908|04|29|989
4404540938359980|01|27|323
4183580633425105|08|27|398
5181789023007543|04|29|954
5455122801187080|08|27|533
5203539130597041|10|26|219
5496272087747569|12|27|198
5188690271600208|08|28|936
4188984900927147|04|27|064
5488093703502422|09|28|063
5488093703068275|02|29|019
4413600077259240|08|28|221
5488093707664293|11|26|236
5286679427385443|12|27|700
4404536214560556|05|27|994
5286674428196063|12|27|765
5363470193928772|08|31|719
4162950517842730|08|29|179
5188690860676148|11|28|117
5496272066136669|02|28|423
4748440380457124|10|30|239
4608887800257287|06|27|755
5363470083035498|08|30|271
5424587006561040|11|27|199
4311701770003001|02|27|215
4034185301101441|10|26|269
4601860029612415|09|28|352
4601860036875427|06|28|273
5363470059112081|03|28|678
5210690338720421|10|27|833
5210691300153757|03|31|601
5179821099729025|07|28|924
5363470092977789|12|28|186
5181789020702765|09|28|966
4034186000710433|01|27|744
5286677069145943|12|27|869
4748443110214773|07|28|799
4895041600532935|09|30|733
4895041400151787|10|30|178
5455126215399256|08|28|314
5218220399779462|11|27|906
4895040567990912|07|27|104
4895040700304021|10|30|928
4162960166959990|07|27|447
4601860014238820|03|28|101
4028939119513348|01|29|200
4375070113771580|11|29|802
5125711423840108|05|27|427
4895040546987393|11|27|550
5210690585881868|11|27|845
5125712196703911|05|29|945
4162950139149480|07|27|777
4748444640017561|05|30|748
4748440287652587|09|29|339
5363470061149931|01|31|540
5367890505656009|01|29|970
5455122807012472|03|28|793
5437619003533162|02|28|095
5230912020262322|01|28|369
4601860044378216|12|28|457
5318260020106189|11|27|527
4601860012177095|07|28|209
4748443120199279|05|29|439
5464971530120948|01|30|920
4619840010519316|09|26|516
4601860016485577|02|28|181
5488093808387224|03|28|474
4748440751301638|05|29|512
4162950178560613|04|28|740
4162980102891479|08|27|230
4782672772374007|03|28|784
5243028709879008|05|27|585
5437619003812020|06|28|004
4539716807010130|10|26|027
5179688871002016|12|27|532
5488093707825639|03|27|800
5156039001505741|12|27|637
5363431676099515|07|27|551
5464985055483937|12|26|070
5210690396906789|07|28|565
5464985134605419|03|29|081
4834423007782251|11|27|636
4895041101159808|02|29|630
5455126210324556|01|28|510
4748441200012792|06|27|509
4368610215968011|07|29|053
4183590610815863|11|26|063
4162960144894830|02|29|925
4601860084896382|01|29|387
5455122802333238|02|29|081
4895040565959596|06|27|509
5455126210401149|06|28|677
4539716807691590|05|27|560
4608887800239608|10|27|119
4601860020208064|07|28|738
5210690548088023|12|27|009
4183580747173500|04|29|380
5203539136347698|10|26|044
5464985048772669|08|27|699
5286672570015792|12|27|822
4539716806851666|01|27|140
5286675464254955|12|27|157
4895040900889169|06|31|061
5464985134701267|02|28|366
4608887800180356|04|27|466
5203539124054827|10|26|655
5464970608685386|09|26|012
5540450503464813|12|28|813
5218220351260725|01|29|458
5179821159336000|09|27|011
4367413412777892|06|29|080
5496272032109337|04|28|611
5464985157035304|02|28|269
4183590775375042|09|28|046
5218220349907999|01|29|009
5363470195742007|11|31|507
4157640006485136|10|28|683
5424821729240875|08|27|892
5210690448934698|06|27|909
5455122801410060|06|28|265
4055992050941362|02|27|860
4183580855991289|07|28|547
4157640098022128|11|28|476
5363470146693572|11|31|207
4183580330982101|03|29|039
4188984906617312|11|28|434
5488093802649926|09|26|663
5363480003136896|09|29|749
5464970496022189|09|27|063
4895040518954975|02|27|990
4157640056501816|02|29|363
4748442020052448|01|29|327
4539716807942613|12|26|312
5286671895110015|12|27|074
4034197901606315|11|26|897
5210690614777608|05|31|140
4748443760198284|06|28|524
5210690586166608|11|27|685
5363470069766108|02|31|178
5363470115789153|09|31|338
4601860073303663|02|29|418
5343996273088629|11|28|468
5243021856754009|06|28|436
4748444180015686|09|29|344
4601860058741648|01|29|101
5455126215508344|11|28|026
5210690605102147|03|31|755
5488093708458737|07|27|337
5363470089792290|08|29|363
5464970197760475|05|28|750
5488093802446695|02|28|536
5363470082960787|09|29|403
4601860020732733|09|28|486
5286673479523019|12|27|775
5363470122360311|08|31|106
5455126215564065|01|29|377
5455122806253689|03|27|340
5125712195536049|03|28|087
4162950197242615|12|27|045
4009936975783109|02|28|591
5102669012919138|07|32|257
4188984901522087|02|28|431
5210691000579657|03|31|398
5496272025594560|05|28|908
4748443561117939|08|28|353
4413600050253269|11|28|409
4028939114390957|06|28|655
5455122806761129|12|27|556
4895041500703388|09|30|492
5318260017971009|07|27|387
5417020008145116|11|26|230
5363433045136663|12|26|620
4183580248961106|11|27|235
4782672648307322|11|28|162
4279341163343001|01|29|257
5210690435577633|02|27|199
5363470060349706|03|30|812
5156035000115722|07|28|235
5488093701534187|11|27|167
4028939114188807|05|28|919
5540450503013172|10|27|275
5455122802013400|09|28|902
5488093808199314|02|28|807
5363470185737868|07|31|457
4622670662011857|06|27|362
5179681316154005|09|28|144
4157640054929324|04|29|883
4404531601288994|06|28|500
4183580274520107|06|28|104
4034185303459219|03|27|395
5286670371950514|12|27|442
5318260013255316|10|28|233
5363470066413761|04|31|153
4183580741809836|08|28|607
5452353715313628|05|29|162
5336539710635377|06|27|964
4183580064222112|04|28|611
4477790031429956|10|26|422
4183590258415133|01|27|033
5464985074192220|01|29|547
5125712052697108|05|27|792
4183580847745405|09|28|166
5488093700952679|12|27|275
5455122806841871|01|28|488
5464970918418791|10|27|329
4895040539133278|09|27|135
5488093708289736|06|27|507
5210690415693616|10|28|846
4895040506887278|09|27|500
4157640010543318|01|29|915
5363470084603971|12|30|259
5488093703767637|11|28|406
5488093708669416|09|27|070
5363470169690398|06|31|222
5243021287236006|07|28|630
4162960101090240|08|27|125
4157640085630529|02|29|565
4375070109621070|01|29|034
4404530772564530|03|29|881
5188690121570122|01|28|468
5203539142351023|10|26|438
5452750252792322|09|28|811
4404541143919972|09|27|334
4532487201438007|05|27|573
5488093701769239|08|28|043
5464971102557485|11|27|245
4608887800449868|03|28|885
4748443170193222|01|30|668
5230912020370448|12|27|087
5363470096121871|10|27|228
5363470089940253|11|27|249
4188984906175535|01|28|663
5464985152483129|08|28|086
4649950000597620|01|27|453
4293820810466002|07|27|884
4157640090818846|01|29|875
4162950511116842|11|29|139
4028939118099141|12|27|071
5488093701279049|05|28|100
5101860010039992|03|29|964
5156035000260064|02|29|942
4782672797512979|11|27|723
4183590295117122|11|27|279
5488093701778354|11|28|108
5363470062725093|09|30|577
5182179003059335|11|28|194
4028939120066179|04|29|731
5218220384376183|06|27|025
5210690607258228|04|31|766
4183580789931468|11|27|918
5243021201899103|09|26|987
4748444110064820|01|29|868
5363470066777967|11|30|580
4895041200595043|01|29|547
4126118901283029|05|28|863
4183580577227103|05|27|529
4162960143817055|03|27|080
5452350552428444|02|29|743
5363470080839181|03|31|745
5447580916793541|02|28|531
5286672540607967|12|27|806
5363470197839439|09|31|361
4895040588941217|12|27|436
5540450504200414|12|28|726
5455122901536913|05|27|861
5363470065060407|08|30|769
4601860053107902|01|29|457
4539716807939270|06|27|004
4367413641492149|05|28|930
5424587007784732|04|28|622
4162980200450277|05|27|775
5181789020663397|04|28|552
5226440017055000|01|29|976
5502140018178026|10|28|445
5363470079679416|01|30|903
5125712195731970|09|28|180
5363470017733820|09|27|559
4601860037046945|11|28|703
5210690535748274|07|27|402
5455122807761011|01|29|708
5488093800732054|01|29|919
4183590554858101|06|27|309
4539716807250785|12|26|548
5488093801397204|04|29|783
4183590556895101|07|27|559
4183580602063101|06|30|248
5156039005216956|04|29|830
5179821093426016|08|27|415
4532487201419452|03|27|422
5363470087003849|04|31|145
4162960135529981|09|27|553
5437619003661591|11|27|096
5210690238374469|11|26|535
5286671162870309|12|27|822
4162950531689935|05|29|292
4539716807299410|01|27|045
4311701790749005|10|27|408
5488093709453976|01|28|708
5243020570292155|06|27|445
4157640091385407|05|29|309
5363470067150529|04|30|684
4183590769403339|04|27|307
5455122807176962|06|28|749
4782672962658490|12|28|531
5488093704811996|06|28|245
4413600034017806|12|28|794
5464980054628004|12|26|795
4890120144002525|07|27|006
4034185302889739|10|26|944
4157640057627289|03|29|594
4157640086546708|05|29|149
4034185303781265|04|27|015
5318260030504696|11|26|428
4293820810618008|06|27|467
4126118425451003|10|28|064
5226440012007105|03|28|214
5363470086983595|05|31|040
4413600026226381|12|28|469
4183590628960719|03|29|878
5424587005725422|06|27|181
5488093708571307|08|27|346
5455122801284960|10|27|060
5488093701361144|07|27|348
4895040585811256|11|27|522
4183580827362387|08|28|710
4183580243210103|10|27|539
4895041101168189|10|30|639
5242242219950222|12|26|924
5362577116664218|06|30|277
5464986285599591|07|32|129
4188984902823807|08|30|543
5210690385317816|04|28|702
4766834313531327|10|29|457
5464988585690880|02|27|530
4601860079374338|03|29|936
5318260045644149|03|29|807
5363470097218155|12|29|749
4293827491644708|05|29|648
5226440018128103|08|29|813
5218228133613772|05|30|133
4413600092600790|12|29|813
5210690496527469|06|27|241
5362577121185191|02|30|379
4081980065464098|08|30|908
5362577111758023|10|30|784
5464982564050307|06|28|976
5362577114052143|03|30|190
4375070111179323|11|29|426
5488096851028215|11|27|197
5149218068891000|09|28|347
5363470613086110|04|29|569
4413600086092434|03|29|394
5455122904308039|01|27|756
5210690475982867|06|27|244
5203656827667729|10|26|879
5424586862887994|12|32|514
4061595500053449|11|30|329
4834423011168943|07|27|208
5362577174543262|10|29|095
4009937028580005|11|28|427
5464982659769647|10|28|738
5210690515521436|12|27|605
5210690577059408|09|27|395
5363470199185427|12|31|356
5362577120003718|06|30|510
5488093704400949|04|28|040
5318260016323640|05|27|613
5362577114383316|03|30|328
5362577114617242|03|30|000
4601860006085213|03|29|560
5363470161909317|12|31|089
5464980527234570|03|28|384
5362577111671945|02|27|336
4413600073717340|03|29|152
5343996293328757|11|29|145
4601860021630696|03|28|351
5318260054986027|09|27|392
4601860006084257|03|29|744
4622670672258001|02|28|892
5203659232767670|04|28|881
4895040485690073|01|27|275
5488093918137782|09|26|463
5242244902745455|01|30|797
5242245207414432|11|26|068
5363470140292207|06|31|464
4601860079504868|03|29|016
4413600020385829|11|28|337
5242028345011892|02|30|286
4601860006087524|11|30|349
4413600004412953|10|30|338
5540450502475547|06|28|097
4009937077395008|12|27|144
4157640043150255|04|29|005
5363470791371961|08|29|958
5210690548176570|12|27|315
4895041002259582|11|33|344
5362577119712089|06|28|673
5318260050280656|10|29|523
5363340045049053|10|27|744
5566286968047324|03|33|983
5363470464031694|04|28|539
4895040505058079|08|27|608
5149210082093002|11|28|009
5488093704416275|04|28|520
5210690354933973|12|27|670
4034185302376323|10|27|894
5362577127731592|10|29|460
5488093802604087|12|26|244
5242248862171289|08|28|017
5363470147874056|07|31|412
5156039005040679|12|29|481
4413600089605182|11|29|371
4890135618840515|08|27|789
4601860006088639|03|28|560
5181789022418253|10|29|157
5318260041073087|08|28|544
5362577111680425|12|27|723
4367413739437865|11|29|703
4009936930842008|05|27|273
5363470362567971|06|29|704
5286673569620600|12|27|308
5363470381026975|08|29|086
5455122801295370|11|27|301
5149210082094018|11|28|493
5488093703509369|09|28|907
5464986015988544|05|27|378
4413600083278077|09|29|213
5210691000286162|07|31|406
4601860023577606|07|28|203
5210690385316750|04|28|190
4183580854083476|03|28|394
5362577121102600|02|30|517
5210691500682324|02|31|707
5188690791290100|01|27|511
5363470092114185|07|30|753
4748442810208218|12|28|671
4034185303210570|11|26|103
4748440600153008|09|28|225
5188690808796107|07|27|624
5210690225200008|12|26|160
4748440287525296|07|30|559
4162960136868537|01|27|119
4162960143134626|08|27|675
5286671802366510|12|27|457
5363480042950646|09|28|981
4748441680394934|12|27|103
5363470074246799|10|30|950
5210690487257233|05|27|766
4292530184797988|03|28|637
5464985948043195|10|27|927
5363470010030570|10|27|400
5496272020363466|11|26|381
4895040555245378|02|27|228
5318260036180228|10|27|731
4895040549830095|10|27|970
5243021834243018|09|26|817
5286670818120903|12|27|903
5203539131427669|10|26|909
4608885900197619|11|26|994
4748440600352196|11|27|079
5179688218716005|12|27|071
5210690245662948|11|26|281
4895040558548299|04|27|985
5210690558487875|10|27|182
5286670746570815|12|27|038
5363431237631095|05|28|973
5464985023959612|10|27|175
5210690378714987|10|28|072
4895040559214842|08|27|982
5363430969229094|01|28|848
5210690478674636|12|27|579
5363470020073438|06|27|413
5363470083772025|11|29|897
5363470044418197|10|27|243
5363470099632932|10|29|340
5424587005574705|03|27|615
4748441260448167|10|30|148
5188690788915107|12|26|655
5363470008403383|08|27|127
4748443170151782|11|27|377
4162960179976189|11|28|573
4375070108071020|12|26|905
5363470014283373|12|26|636
4748440160052244|07|27|566
4183580532719103|10|26|887
5286674958930162|12|27|783
4162950112733151|11|28|591
5188690458314102|10|26|006
4619840112689983|12|27|135
4748440460165951|12|27|607
5455122904365419|08|27|357
5488093708819169|10|27|680
5210690579946529|10|27|400
5286677534811566|12|27|572
4061592001038680|03|27|639
4895040568343277|10|27|993
5496272058159786|02|27|407
5210690356206733|12|27|183
5318260026398657|12|26|852
4834421881456588|12|26|311
5210690545249818|10|27|231
5363470069198328|10|29|946
4748440680069108|11|28|385
4748440010263363|01|29|971
4404544381316729|02|27|670
5210690425647339|12|27|945
5423398905859217|09|26|780
5423398904185184|09|26|863
5210690378619145|07|28|795
5363450675339151|12|27|070
5203539126348276|10|26|009
5464980059623166|06|27|443
5455122806383668|02|27|259
5363470089739051|12|27|567
5363470000165931|12|26|862
5125712079501101|04|27|702
5480950089046100|11|27|467
4183580525342103|10|26|530
5188690790521109|06|27|185
4162950135524421|12|27|649
5210690239099693|11|26|100
5363470016822251|10|26|244
5318260033745734|11|27|180
5203539123914997|10|26|733
5363470076210306|11|29|629
4162950145481927|12|27|171
4895040516019888|12|27|881
5363470089220342|11|29|399
5363470036196371|04|27|341
5318260033303179|01|27|377
5545506922742009|05|27|182
4162960180982176|12|27|819
4404536221625285|11|26|074
5488093708513598|11|27|023
5363451736394938|12|27|755
5286672092984855|12|27|277
5363480027647118|11|26|444
5318260032271013|10|27|388
5488093807371245|12|27|528
5496272006122043|06|27|687
5286675378925252|12|27|384
5363470087128455|10|30|293
5363470001289565|09|26|397
5210690565891036|06|27|728
4895040525783722|10|27|505
4895040537888535|10|27|178
4162960175279232|10|27|905
4162960161906731|12|27|740
4748441828048137|12|29|270
5363470082668273|11|28|679
4311701804434008|11|26|430
5226040024988100|11|26|529
5210690285244771|01|27|962
5363470045678278|10|27|963
5125711427341103|11|27|882
5203539140252314|12|26|690
5464985169946001|12|27|055
4895040548429295|12|27|274
5363470016119203|12|26|592
5363480040805214|06|27|491
4375070109669350|04|29|681
5210690339182167|10|27|536
4748443561120339|12|28|650
5363470063409952|09|29|828
4311701770430014|07|27|021
5203152070213205|10|26|515
5424587005855344|10|27|151
5203539141714387|10|26|067
4748443450026019|08|27|570
5210690259195769|06|27|576
5210690316517047|03|27|361
5363470082620977|04|30|278
4748442960205261|06|29|893
4188984906020244|05|27|880
4162960119725803|11|27|048
4034185303042791|10|26|117
5210690276935304|05|27|960
4188984901102054|10|27|487
5286671301689222|12|27|238
5363432079794470|10|29|055
4895040507767701|10|27|127
4162950117692212|10|27|696
5363470083161922|05|28|812
4162950139009650|08|28|559
5243021839884006|10|27|597
4895040528389501|08|27|706
5363470050896583|11|28|848
4748441680393845|12|27|126
5363470018613203|10|26|124
5106310070247866|07|28|827
5363470041469854|10|27|215
5343996262166519|10|27|402
5496272032305638|03|27|130
5286672228502159|12|27|006
5455122904074896|03|27|808
5540450500280519|12|27|297
4162950166811796|10|27|732
5226040020663004|10|26|714
5210690375187872|05|28|490
5210690466979104|08|27|587
5243021274153008|10|26|484
5286676605519934|12|27|844
5286672054493564|12|27|286
5302200584521199|10|27|074
5424587003842039|09|26|118
4539716807243244|11|26|505
5203539128375038|10|26|324
5210690357467987|01|28|943
4162960174625013|07|28|496
5210690569003497|06|27|146
5203539125913047|10|26|690
4608887805260252|10|27|182
4162960175708255|11|28|953
4748440790159245|12|27|507
4162960120588091|12|27|174
4748441827573184|12|27|602
5363470052419798|06|29|513
5286674547795662|12|27|870
5210690508488973|10|27|854
5363470010400930|11|26|000
4061591000567228|10|27|197
4588240247394277|09|26|086
5424587006375284|10|27|435
5286676394578513|12|27|428
5363432671997034|10|27|865
5125711471267113|10|27|540
5363435197060765|04|27|878
5203539120349338|12|26|678
5210690558569177|12|27|337
4748443570080516|01|28|409
5203539126628313|10|26|080
4748440490103675|10|28|915
4293821675127002|09|26|710
4895040527590281|09|27|080
5417020109609051|10|27|493
5363470085178171|12|28|558
5343996216398739|11|26|721
5363470057381175|09|29|656
4162960168207125|02|28|951
5363470071683234|10|29|380
5363470058228532|11|28|845
4895040559437641|10|27|740
4748442960113309|07|28|824
5210690387510145|10|28|484
4183590500258109|03|27|671
5528290001261535|10|27|112
5423398902440698|10|26|908
4279341130308004|01|27|425
4055995087050198|02|27|758
4890120160080876|11|27|135
5363470044298151|08|27|038
5101860004078329|05|27|547
5210690259611948|07|27|941
5210690505191851|01|27|751
5210690557627893|10|27|682
4895040546555877|11|27|529
5363470070478347|11|29|097
5286674446136604|12|27|490
5488093708951665|11|27|518
5363470063819630|07|29|871
5363436427091927|05|27|580
5464985178103990|07|27|691
4895040485547448|06|27|199
5318260031668813|03|27|850
5363432258825707|11|28|932
5363470058788097|11|29|530
4188984900823171|12|27|079
5210690349920341|12|27|634
5540450501661097|10|27|227
5210690406028921|07|28|326
4188984900957979|10|27|865
5367890386916001|11|26|467
4162960143209790|11|27|188
4162982200985054|03|27|323
5480950387556107|10|27|296
5488093708493775|12|27|740
5210690249614135|12|26|952
4061598000058645|11|27|035
4404536177520969|12|27|589
5210690538820971|11|27|879
5210690546278675|11|27|979
5210690557517821|10|27|217
5496272076610067|09|27|174
5181789020784060|10|27|377
4834422056884661|12|26|740
4895040546773058|11|27|211
4748441827719837|12|27|746
4748442560235197|10|28|502
5454200243303571|10|27|521
5210690556240607|05|27|384
5363470089690536|03|28|483
5363451096573998|12|27|807
5363435900013119|07|27|986
4748444020008255|05|27|206
5318260029093784|11|26|591
5488093801383964|11|27|680
5210690548380024|12|27|214
4162950107195382|04|27|694
5363470037026882|12|26|521
5240466560646749|11|26|510
5203539120407995|12|26|705
5363470074164422|10|29|779
5363437120462605|11|26|716
4748440527578568|01|28|131
5363470071968791|05|29|074
4748443561003733|07|28|459
5455126215015860|02|27|513
5363431247759951|11|29|894
5363470055861558|10|29|771
5210690537454228|05|27|422
4188984905932233|10|26|677
5363470056637437|10|29|465
5440441395653879|09|27|521
5363470038378498|08|27|014
5210690507669243|10|27|613
5522809800520365|10|26|170
4895040545925675|10|27|198
5318260033951431|08|27|472
5210690246218237|11|26|105
5286679618918804|12|27|423
5210690355231633|12|27|974
5363480022836880|05|29|369
4895040506670617|10|27|221
5363480029589953|01|30|340
4162960311658695|05|28|364
5496272065914710|07|27|127
5210690546965842|11|27|735
5363470073177938|08|30|236
5286677360963184|12|27|393
5488093708346866|10|27|476
4367411402328155|12|27|167
5363450984782547|12|27|802
5363470093104979|06|30|662
5363470081753522|12|29|591
5286670205442050|12|27|621
4162950171510755|03|28|926
4748440960372313|11|28|890
5363470089177781|12|30|958
5203539125540428|10|26|276
5210690315810807|03|27|647
4162950106848353|11|26|707
5210690467443282|09|27|338
4748440287401639|12|27|532
5363470005794966|11|27|318
4188984900425100|06|27|304
5452359655969980|12|26|300
4293821688761003|11|26|013
5488093700562445|10|26|975
5101860000909576|11|27|206
4126118481597004|05|27|912
4895040487243004|08|27|288
5286675010255993|12|27|663
5363450125248481|12|27|632
4890120128692119|08|27|250
5102669014952871|11|26|405
5424587005925238|08|27|651
5488093801973343|12|27|724
4188984904835387|12|26|043
5363470087302035|09|29|631
5210690509328509|11|27|456
5363470026158837|03|27|426
4748440090007532|12|27|689
5210690269297019|10|27|169
4126118706918001|10|26|410
5488093806694928|09|26|588
4895040505518478|08|27|116
4162960173938854|12|27|770
4895040566291072|10|27|488
5363470028377146|12|26|304
5286675433265785|12|27|417
4748441730586901|02|30|000
5286677565216453|12|27|133
4748441730542912|05|28|780
5363432414369616|10|28|296
4188984900891897|10|27|622
4574532001769066|11|26|121
5363470028957616|03|27|212
4162950176232124|10|27|716
4162950183434333|07|27|430
5488093707897612|09|27|793
4748440600140534|11|28|515
5210690496030258|11|27|769
5203539129704194|10|26|391
4025300001145884|11|29|366
4574532001864321|09|26|532
5363470051464894|10|29|565
5102669013957798|09|32|054
4834421346060819|10|26|882
4748440700272500|11|29|095
5424587005726560|10|27|385
4025300000598356|11|28|568
4748440560194588|07|29|415
5210690259644444|07|27|832
5210690399538035|10|28|824
5454200027435862|05|27|391
5363470083686035|11|29|233
5286677188362775|12|27|942
4162960197781165|11|27|896
5454200270729243|10|27|623
5363470073560810|11|29|283
4649950001059901|10|27|398
4162960193534519|10|27|593
5203539127610799|10|26|469
5286672598514149|12|27|640
5363480043024300|10|26|362
5363470043011373|10|27|415
4895040566532376|02|27|955
5363470052418964|10|30|670
5210690238023421|10|26|176
5423398905540619|09|26|863
5203539141094707|10|26|697
4162950128286004|01|27|924
5363470061502246|05|28|600
5286675463116775|12|27|637
4748441060301699|11|27|801
5203539127389378|10|26|402
5343996269306795|09|26|459
4748442540092312|03|29|350
4649950001480206|11|27|111
5464970135575985|03|27|434
5363470093218191|07|29|363
5210690385142503|11|28|174
4890120165587859|05|28|581
5243028605052007|10|27|184
4608885905010916|10|27|320
5455122800846769|10|26|900
5363470053907841|08|30|758
4368610227797002|01|27|605
5210690399284408|10|28|019
4162960158674524|04|27|092
5286675043107815|12|27|498
5210690448823305|05|27|652
4895040509462319|11|27|092
4748440440316427|10|29|267
4183590508704104|07|27|543
5363436902110689|11|27|234
4162960166214941|03|27|283
5363470096703587|10|30|076
5455122905680568|10|27|087
5210690367120543|09|28|087
5318260030395426|11|26|370
5210690448473598|10|27|687
5363470091719141|10|30|625
5210690479149752|12|27|982
4748441800049913|11|28|625
5363451806498072|12|27|574
5424587004515493|10|26|245
5363470079278482|10|30|367
5363470036651276|02|27|039
5210690375747113|09|28|902
4895040508637721|11|27|559
5363451994604135|12|27|081
4162960128315547|08|27|528
4162960160538576|11|27|261
5363470015216794|09|26|703
5203539120449344|12|26|640
4890120152672474|05|28|201
4748440920164719|11|27|517
5363470088252890|12|28|854
4162960128153963|08|27|710
4188984904200855|07|27|525
5401274300642183|09|26|610
5424587004671809|10|26|820
5496272003131245|11|27|536
5210690349580608|11|27|135
5318260030914945|12|26|066
4748440770279492|12|28|903
5343996249065347|03|27|768
5125712110648101|04|27|917
5210690298469126|02|27|651
5203539127732981|10|26|077
5363470053653510|09|28|561
5210690436271541|12|27|991
5363470090114575|12|27|548
5363470099805736|12|29|117
4748441200012313|03|27|469
5363470051437411|10|28|110
4748440310315467|02|29|017
4748440310228181|06|28|881
4539716807025880|10|26|533
5520971800293575|10|26|492
4375070110152446|02|29|155
5363436361382746|11|26|259
5363470090131298|12|28|621
5363470004474313|10|27|123
5363470099460870|06|30|000
5363470061265471|11|28|002
5343996234431405|10|27|013
5210690385534576|10|28|394
4748440030413105|07|28|916
5242240212653009|10|27|923
5363470088349811|12|29|777
5286670705381709|12|27|864
5401274301226747|12|26|022
5424587006103819|06|27|560
4748443080196877|10|28|793
5101860004225979|01|27|667
5363470069587207|07|30|427
5210690497119209|08|27|234
5210690407820516|10|28|888
4895040545621068|10|27|252
5210690276491621|10|27|824
5179888106408000|10|27|384
4183590486786107|10|26|808
5464985050157940|12|27|880
5286676309099704|12|27|591
4187490451956700|07|27|409
5102669017855261|10|27|517
4187490231268764|12|26|944
4895040569697044|07|27|599
5210690388931845|09|28|976
4895040505264412|11|27|784
5400769501134691|09|26|474
5488093708941377|11|27|065
4162950150998203|11|27|106
5363437534505528|11|28|804
4162950104083557|10|26|673
5210690315679194|10|27|990
5363470059421086|10|30|949
4404536394865080|10|27|212
5203539120989950|12|26|580
5363470058143368|01|30|226
4183590467044104|11|26|580
5318260002452544|11|27|658
5363430183073807|02|28|803
5363431683413303|09|29|486
5447580915791694|02|27|545
5363434791529648|10|27|616
5363437143923500|12|26|388
4188984900973430|10|27|454
4890120100921551|08|27|548
4748441861399124|01|28|026
5286676023944862|12|27|351
5363470034824560|11|27|099
5363470077493521|12|27|204
5488093906273839|02|27|625
4748443390395128|11|27|511
5363470063213396|08|28|066
5363470055252618|11|29|410
5318260016712776|08|27|395
4162960168637818|11|28|384
5286675943642135|12|27|908
5210690568977394|07|27|690
5210690485003506|10|27|319
5424587004072412|10|27|958
5363470070758656|11|27|363
4838927502125598|09|27|130
5210690447156079|11|27|151
4748440130450254|12|27|470
5488093707794389|11|27|465
4748443370126394|06|28|236
5440442663528447|10|26|596
5188690528606107|11|27|328
5363470064679322|01|30|305
5496272075740279|09|27|529
5454200195425828|11|26|171
5488093708131409|08|27|171
5210690438594205|11|27|975
5363470083056171|11|29|416
5203539140432908|12|26|238
5540450500217990|11|27|575
5363470078377475|11|29|904
4162960143163393|11|27|481
4748440960266531|09|28|141
4895040487846772|10|27|765
5286670798137638|12|27|298
5488093707568510|12|26|677
5447580911625953|08|27|201
5210690467652478|07|27|560
5455122806335429|03|27|323
4895040584797381|10|27|009
5464970422738536|04|27|390
5545506824376005|04|27|023
4162950106338405|12|26|211
4162960159110635|03|27|573
5363431610889732|10|27|215
5101860001992860|03|27|850
4834422053996906|09|26|470
5210690225001968|10|26|794
5218220304649693|10|27|881
5363470006537141|03|27|358
5545506846820014|12|27|097
4748440450304651|05|30|645
4162950120070422|12|27|065
5363470033071692|11|26|321
5363470011887648|05|27|222
5101860002224933|01|27|257
5203539128801066|10|26|259
4183580522323106|12|26|355
5363470057294378|11|28|874
5363470076871255|02|30|608
5203539240750167|10|26|691
4162960184138247|11|27|245
4895040587342706|11|27|290
4895040525498214|10|27|027
5480950361668100|11|26|156
4834422057666380|11|26|945
5424587002874694|12|26|047
5464980180028467|10|26|495
4292530183185458|11|27|274
5363433676361416|11|30|316
4162960140922981|01|27|981
4748443300196517|10|28|133
5363470085377328|07|29|882
5363470067932934|04|28|810
5363432982546884|11|27|463
5179821148475000|09|27|639
4375070110532530|04|29|922
5363470052641284|12|30|086
5210690245297042|11|26|204
5286679613945596|12|27|126
4162960186022290|11|28|211
4748443070231163|11|29|715
5286670505277768|12|27|222
5363470084144117|08|30|506
5363433865025491|11|26|460
5210690267149881|05|27|931
5496272002762370|12|27|974
4404540037755351|07|27|192
5363470037375222|11|26|749
5210690487596168|07|27|241
5464983496550000|05|27|113
5363431309664917|10|27|449
5210690475770213|11|27|467
5440441595142384|10|27|340
5210690455331622|05|27|610
5210690465804121|02|27|441
5210690306172696|05|27|071
4575560003570603|10|27|749
5318260029831399|10|26|166
5101860004136580|12|26|564
5210690437880506|10|27|895
5363470042941752|10|27|940
4293821657464001|12|26|672
4183580217650102|10|27|764
4748440030699174|11|28|782
5203539128087773|10|26|683
4890120153416780|07|27|386
5488093806591587|11|26|157
5125711450678108|01|27|014
4895040549396089|10|27|573
5318260030917849|12|26|392
5203539129478229|10|26|403
5286675821907378|12|27|885
5203539127605369|10|26|990
5203539141516097|10|26|293
5156039000688969|12|27|089
5455122903656420|12|27|778
5286670685793766|12|27|730
5203539123180524|10|26|431
5286672936648724|12|27|964
4649450055784983|03|28|582
5101860002860504|12|27|694
5286671596236358|12|27|008
4162960141729500|10|27|125
5455122904624161|01|27|764
5188690773810107|10|26|456
5286673268786686|12|27|840
5226440008568102|12|26|457
4311701772976006|10|27|941
5424587005886885|12|27|811
4748441680580508|01|28|040
5363470086920811|10|30|011
5210690375968271|05|28|873
4748440287634924|06|29|102
5455122800882285|11|26|929
5210690317921628|10|27|733
5210690257729296|01|27|261
5203539140937724|10|26|165
4367411569989013|02|27|383
5363470054258590|09|30|874
5210690366891995|06|28|381
4895040545834638|10|27|738
5286672799077391|12|27|199
5363470061611856|06|29|399
5203539240101551|12|26|124
4608885900194236|10|26|689
5203539130419436|10|26|425
5488093709096866|12|27|653
5203150005122640|10|27|704
5210690367352922|11|28|749
5343996285645044|09|26|414
5203539123611684|10|26|960
5363470026204185|12|26|261
4183580509867109|11|26|055
4183580545481105|12|26|951
5363470033961678|10|26|185
4162950151439827|10|28|315
5363470075045810|11|28|033
4162950137606465|01|27|604
4293821658989006|11|27|046
5363470060855330|06|30|047
5363470077456627|10|27|997
4292530152384090|12|27|499
4895040527725598|07|27|259
4895040555609722|10|27|786
5363470034734843|05|27|014
5210690437077095|10|27|483
4748443561036071|08|28|273
4188984900812596|10|26|149
5455122806105285|12|26|704
5243021248917009|02|27|977
5363431011311591|09|28|881
5363470058638417|12|30|268
5210690529541149|12|27|173
5363470090452785|09|29|772
5363470075090519|11|29|903
4748440570138716|08|29|812
5363470039578260|10|26|596
5286674305374007|12|27|606
4834420589534456|09|26|570
4608885900195415|11|26|428
5363433294953586|11|28|021
4834422053237376|11|26|995
5447580915105788|11|26|405
5363470061289000|10|30|690
4028939116574871|10|26|317
4895040577781749|05|27|297
4834420386520583|11|26|947
5363470094743338|10|29|737
5286671304613930|12|27|897
5488093807826891|05|27|652
5125711934718108|12|26|130
4162960150818848|10|28|286
5363470029487050|09|26|786
5210690419304814|11|27|029
5455122806339702|01|27|736
4162960315765439|10|27|941
4748440700275529|11|29|733
5363470075387055|10|30|291
5149210096207002|12|26|696
4608885900194129|10|26|018
5203539126439356|10|26|564
4162950108920267|11|27|763
4895040525089807|07|27|778
5363470068499305|12|29|514
5363470053860222|10|28|791
5286676023523591|12|27|294
4183590468818100|11|26|136
5203539240682519|10|26|374
5125712041068106|10|27|940
5363435451836736|08|27|948
5363470084033104|11|30|196
4895040497744066|09|27|483
5363470060291478|10|29|383
5488093707681362|11|26|772
5363470080606812|11|27|484
5455122800901952|12|26|628
4834420898473586|10|26|392
5363470052693350|05|28|473
5318260036546097|11|27|418
5424587004644954|11|26|473
5149210018010005|11|27|271
5210690518935641|03|27|996
5363470001740211|10|27|961
4126118268955003|12|27|547
4895040497521944|02|27|307
4834422058492273|11|26|265
5210690497983216|04|27|313
5363470067517610|11|27|522
5102669040129551|03|32|168
5363470075904685|11|29|201
4748440770072350|11|27|669
5318260034186706|09|27|182
5363340045789922|09|27|361
5488093708409482|02|27|604
5125711338642110|12|26|319
4162960141656067|10|27|009
5363470007979607|10|26|636
5545506819290005|02|27|073
4162960311512165|03|27|647
4375070110219971|08|29|724
4368610229763002|10|27|053
5363470083875349|08|30|405
5210690429546941|10|27|121
4183580187201100|10|26|536
5318260015924539|10|26|386
5210690408284894|04|28|288
4162950190339525|12|27|764
5286671218625400|12|27|135
4183580537617104|11|26|814
5286678814824923|12|27|548
5464985194558383|10|27|781
5203539128077311|10|26|339
5101860000760458|10|27|344
4895040524789134|08|27|909
5464985172739435|12|26|830
5188690809442107|04|27|160
5101860002709198|08|27|223
5363480036210106|01|28|241
4895040588079273|12|27|860
5188690773224101|11|26|272
5363432460633360|10|27|764
4162950170266268|06|27|104
4162950130119557|01|27|621
5363470099848587|08|30|372
5363470068907380|06|28|149
4404540573357018|12|27|882
5363470028831985|11|26|819
4748440160574585|09|28|645
5363470066686598|10|30|279
4890120166506874|10|27|138
4895040557825623|10|27|921
4748443770301472|06|29|408
5363470068261028|11|29|689
5363470061984105|12|30|968
4187490996736583|04|27|097
5210690239686077|11|26|190
5464985948085501|12|27|992
5210690549323361|09|27|303
5545506936278008|10|26|534
5363470012971045|10|26|668
5545506961079107|07|27|223
5343996240193908|10|27|925
4279341138539006|11|27|868
5210690458886341|02|27|290
5318260014295261|12|27|106
5203539122175186|10|26|407
4895040509350753|11|27|143
4162950158394314|11|27|354
5210690255849245|06|27|805
4748441680344814|12|27|826
5363452376732460|12|27|296
5210690329987138|03|27|626
4028939116954396|12|27|937
5286679420170859|12|27|446
4748443500114575|11|29|633
5210690305361365|12|27|816
5363470091096615|03|28|291
5455126210000578|11|27|355
4895040578057735|12|27|390
5125712150139102|10|27|404
5455122806383577|06|27|554
5363480023211596|11|27|759
5573175421542735|12|27|497
5203539129028370|10|26|203
4292530112413781|08|29|258
5177900011160105|12|26|577
5210690579077754|10|27|561
5210690246071073|11|26|393
4748440500299851|10|30|287
5286676304566830|12|27|721
5101860002417677|10|26|265
5203539141510900|10|26|443
5488093708174094|10|27|709
5496272059021530|10|27|317
4895040566651036|11|27|144
5423398905113540|11|26|151
5297635933627675|11|26|682
5286670146663525|12|27|871
5210690426059393|12|27|917
5363470067107735|09|29|541
5363470091678685|03|29|291
5363430926924761|07|28|116
5363470096982967|02|29|885
5203539130454359|10|26|626
5363470053419284|02|30|220
5286670083974133|12|27|657
4748443090096455|11|27|957
4279341132804000|04|27|876
5210690535141801|03|27|946
5210690396090709|05|28|280
5210690347821756|11|27|981
5343996282891039|10|26|893
4895040569683218|09|27|614
5496272040809795|12|26|482
5210690535679362|11|27|193
5203539124230708|10|26|518
5363470099751948|10|29|180
5363470073004686|12|28|106
5286673457250585|12|27|811
5188690476154100|11|27|414
4162950154234498|11|27|812
5210690358993528|08|28|080
5286670325470957|12|27|448
5286670083592604|12|27|635
5455122805999043|12|26|443
4162960154742853|10|27|159
5363436794595161|11|28|783
5363470077438534|10|27|672
5203539141360694|10|26|064
5363470098324473|09|29|103
5520977003029187|09|26|823
4162950127503524|06|27|959
4061591000348124|09|27|944
4279341129237008|12|26|219
5210690276141028|05|27|456
5363470072571255|11|29|801
5455122904360857|11|27|318
4404540422901172|09|27|752
5363433003897314|10|28|258
4748441200304207|12|29|569
5210690428904083|10|27|327
5423398901580270|10|26|355
4834422055007009|10|26|277
4028939116900720|12|27|508
4895040567484965|10|27|356
5286671680918580|12|27|198
4895040545173987|10|27|804
4162950112779832|07|28|286
4188984900954158|10|27|428
4834420416492811|11|26|015
5286671477602710|12|27|943
4748442170132081|02|28|972
5363470050592034|10|28|991
5488093707721291|12|26|925
4748440287515982|11|29|085
4162960148205835|10|27|438
5455122800627110|11|26|456
4162960316493585|01|28|679
4162950123392534|07|28|512
5210690258129595|07|27|412
5363470014935576|09|27|436
4126118880347019|12|26|767
5455122904747715|09|27|012
5318260023308923|11|28|602
5286679028509888|12|27|901
5101860003806282|10|27|780
5230910011007177|12|26|572
5480950374954109|07|27|511
4183580613584103|01|27|959
4895040546004587|10|27|690
5573172391284240|12|27|930
5210690407814618|10|28|107
5363470088056689|05|29|839
4162950160439867|02|27|775
4895040568108563|11|27|910
5545500007757008|09|26|776
5210690538026173|05|27|026
5210690269881648|02|27|485
5179888122514005|03|27|850
5363470017286779|01|27|920
5210690375842872|03|28|015
5203150000065612|11|26|987
5363470034783865|10|26|722
5203539141378308|10|26|851
5286671668862966|12|27|445
4895040587377637|11|27|343
4162960169864155|05|27|008
5363470058309720|12|27|194
4895040548331483|12|27|200
4162960183060087|12|27|796
5102669016603506|12|27|520
4009936913192017|09|27|303
4162980113427438|10|28|821
4028939116769281|12|26|776
5226440011126104|10|27|989
4895040507573992|10|27|680
5363470096395020|11|30|009
4748445111759409|11|28|891
4183580572536102|11|27|963
5363470002110398|09|27|379
5101860004901546|09|27|319
5210690486075768|09|27|799
5179681089053012|09|27|661
5210690339633078|10|27|001
5318260031069392|12|26|316
4748443510023865|10|27|499
5363433451207875|11|29|031
5363470057071198|10|29|702
5363470062230185|11|28|856
5210690475913672|11|27|199
5203539124511511|10|26|496
5210690527670742|07|27|753
5363470062570283|10|29|484
5417020007828522|10|26|762
5363470098789394|12|28|685
5203539141265018|12|26|448
5480950365067101|11|26|561
5203650603511573|11|26|283
5423398905768178|11|26|217
5363432075238266|12|28|904
4895040555265483|06|27|278
5363451286078436|12|27|962
4895040576632331|09|27|637
5218220316735209|08|27|384
4748444090010595|02|28|481
5573150782240377|10|26|784
5363470066872404|06|30|394
4748443070224101|12|28|192
4162960138851291|12|27|329
5363470061564246|04|30|831
5210690258697963|04|27|630
5343996242755845|10|26|112
5363451775470045|04|27|795
4293821632012008|11|27|812
5210690386482957|11|28|320
5455122903832567|10|27|383
4748445170360453|07|29|183
5286676264820136|12|27|061
5440441800344718|10|26|152
5363470073518362|10|30|166
5496272034515630|12|26|762
5181789021678147|11|27|274
5488093708168427|06|27|530
5363470056729473|12|27|827
5496272021691428|11|26|313
5455122902297069|05|27|674
5286671707050755|12|27|872
5363470005644195|10|27|204
5363470067170592|10|29|479
4748440460522995|10|30|397
4895040495346542|07|27|382
5363470061741083|10|29|106
4895040485714576|10|27|010
5363470007631273|12|26|383
5203539124626210|10|26|593
5363470006008226|02|27|361
5210690266738106|04|27|651
4748441170432392|08|30|864
5363470079640244|01|29|177
5496272048182278|10|27|321
4162950190474934|11|28|718
4162960312087068|12|27|756
5210690547196074|11|27|526
4028939117338474|10|27|115
5210690225335903|10|26|307
5454200294927039|06|27|793
5286677165376673|12|27|214
5210690217548372|10|26|302
5286675906541365|12|27|839
5286677009078485|12|27|506
4890120145335775|11|27|377
4617530187603157|11|26|078
5363470033184636|12|26|653
5363430295797384|07|29|519
5363435763480488|11|27|238
5363470009151049|09|27|092
5363470069683766|12|27|113
5318260029988413|10|26|950
5179888183267006|12|27|243
5125712031422107|12|27|729
5286672029628096|12|27|450
5203539123996515|10|26|843
4895040547075412|11|27|297
5210690554785843|07|27|442
4187490018929364|12|26|813
5363470029369381|10|27|154
5242240128854006|10|26|191
5203539127818509|10|26|573
5239940001099455|10|27|355
4890130111007985|03|28|878
5363437158813711|11|27|274
5188690775291108|11|26|502
4162960184129758|12|27|350
4162960194712510|12|28|090
5242240202089016|09|27|845
5210690526946572|10|27|839
5363470066407276|10|28|209
5210690449897191|08|27|237
5488093700491769|10|26|336
5363470099495322|01|28|710
5243021271880017|10|27|653
4895040518665035|01|27|200
5488093906633669|06|27|571
5210690237581759|10|26|292
5488093708110437|10|27|065
4748441340224703|10|28|500
5363433677320379|04|29|137
5488093801792446|10|27|681
5210690255764279|08|27|780
4748440770279161|12|28|069
5286672736734161|12|27|696
5286673880748064|12|27|582
4895040527725408|09|27|730
4619840010550204|10|27|688
5203539127248681|10|26|261
5363432449071518|10|27|541
5125712137496104|10|27|565
5286675001763971|12|27|675
4895040568354878|06|27|836
5210690376986256|08|28|934
5424587006749652|12|27|917
5488093708307470|12|27|464
4748441670113526|10|29|722
5203539124814634|10|26|608
5363470061037466|05|30|917
5363470091480066|11|28|146
4608885900208978|12|26|808
5102669040714147|12|32|550
5488093914983882|12|27|308
5343996290151780|12|27|768
4126118902911008|10|26|787
5102669017087568|10|27|321
5363470069827066|10|29|498
5363470039405399|11|26|516
5363340047424809|04|27|704
4895040534913252|11|27|591
5210690266131534|06|27|464
5179821144177006|10|26|731
5210690325599804|05|27|886
5488093801250395|10|26|992
4748440600368259|04|29|362
5210690318565754|10|27|750
5318260036065361|10|27|200
4895040557889439|06|27|933
5455126210061687|10|27|128
5363470002875909|10|27|863
5363432460802734|09|28|893
4748440700314609|11|27|894
5210690476634012|11|27|188
5363432862762882|09|27|614
5363470076249049|05|30|478
5179821147735008|10|27|445
4188984900732588|11|26|598
5455126215024839|12|27|000
5286672923995724|12|27|623
5363470088942516|01|29|141
5363470040014545|01|27|780
4162960313447501|10|28|667
5102669013953524|09|32|024
5210690466197269|10|27|665
5555621000999491|09|27|641
5210690316419582|03|27|139
5210690469433828|10|27|840
5318260033631918|11|27|266
5363433385619567|05|28|292
5242240207464016|11|26|104
4895040518147166|10|27|297
5210690499628223|07|27|463
4404540466042198|11|27|295
5188690473571116|10|27|562
5363470008931144|11|27|966
5318260002493266|11|27|474
5210690576630563|11|27|201
5243027202212006|05|27|482
4895040539111373|05|27|832
5318260014960393|10|27|347
5363470064955821|10|30|828
5210690315992829|11|27|585
4895040565247075|02|27|869
5363470004189028|11|27|703
5363470084958235|08|29|087
5343996247738283|09|26|464
5488093807744060|10|27|046
5210690515787581|12|27|167
5188690787628107|12|26|792
5338300100177886|10|26|023
5455122800929524|07|27|113
4895040565698343|08|27|915
4748440660090363|06|28|770
5188690786621103|11|26|091
4649450054639113|12|26|305
5286677126882645|12|27|470
4748443300110807|12|28|452
5318260032095388|04|27|858
5188690772680105|10|26|223
4162950178600898|10|27|322
5363433500769990|03|27|395
4889570002672988|09|27|092
4748443681008521|04|29|883
4895040577634559|04|27|980
5203539128280162|10|26|116
5363470046327552|07|27|028
4748442490213769|11|27|805
5210690249343453|12|26|568
5363470093175789|10|29|178
4608885900213218|09|27|980
5363470011552754|10|26|132
5203539126066829|10|26|550
5286670137572354|12|27|944
5363470062191197|12|30|092
5210690355980924|12|27|219
4895040579112851|10|27|532
4608887805220512|11|26|071
4748444480018042|10|29|996
5286670629106505|12|27|680
4748440610014851|06|27|773
5363470019019426|07|27|275
5125711975039109|10|26|062
5125711983573107|10|26|505
5210690247748042|12|26|370
5240466560258255|10|26|133
5363480004336537|10|27|186
5179821140684005|03|27|031
4895040515897482|12|27|644
5210690545971536|10|27|612
5545506949788001|11|27|168
5363470082854634|11|29|257
5363470015004737|10|27|507
5363470088046003|10|30|144
5101860003244948|10|27|629
5210690496899256|10|27|542
4895040556884985|10|27|145
5454200199474491|10|26|433
4834422055597660|12|26|383
5363470086041618|11|30|606
5226040301130012|12|26|981
5363470051586720|03|30|968
4748440010254016|10|29|233
5455122806345725|08|27|739
5286671223310360|12|27|211
5210690498260457|08|27|222
5363435845111218|11|28|874
5210690438548235|02|27|849
5242240141404003|09|27|234
5454200018931754|10|26|458
5480950338519105|09|26|797
4895040516641954|07|27|456
5210690458883421|12|27|067
5363431235076947|12|26|548
5218220337499991|11|26|962
5210690509482926|11|27|725
5210690486527669|10|27|243
5363470063675909|11|27|994
4162960116946097|02|27|600
4748443050152249|03|28|047
5363470007315174|11|27|116
4834422052489531|10|26|237
5363340049523111|12|27|113
5286673311978223|12|27|660
4162960122487037|10|28|968
5286675575888956|12|27|072
4748443300186336|11|27|067
5363470073972221|12|30|100
4748441210143231|09|29|492
5286670063447183|12|27|508
5363470010253644|12|26|138
5488093708485870|10|27|896
5363480045523101|12|29|523
5243021243933001|11|26|736
5363470070359463|05|29|843
5363470067852017|10|30|178
4162960141818154|06|28|120
5363340048580518|10|27|451
5242240086156006|10|26|626
5488093709035476|11|27|940
5363470094999757|01|30|845
5286675652228811|12|27|403
4162960192622828|11|27|980
4539716806904531|10|26|432
5363470070939777|03|29|829
5363470085989031|03|30|015
5363470063097377|12|27|737
4895040555966973|09|27|956
5177900011408975|10|27|239
5363470066681920|08|30|407
5203539122415673|10|26|601
4162960111500675|10|28|218
4895040555855424|07|27|709
5286672397961137|12|27|292
4293820810647007|10|27|333
4608887800176669|10|27|067
5464971234563104|03|27|448
5363470066703153|12|30|180
4162960123439680|01|28|762
5318260037237696|12|27|952
4162950119574004|11|27|597
4126118902572016|10|26|957
5210690438211388|01|27|536
5210690257063951|05|27|515
5363470014893742|11|26|335
4404540260165302|09|27|777
4748441730523698|08|28|332
5318260027828371|12|26|240
5210690439314876|02|27|222
5210690269679695|11|27|939
5401274301373762|12|26|362
4162950133202004|01|27|286
5210690469852803|10|27|138
5363470092389175|12|29|605
5125712053121108|01|27|684
5363431757912511|12|27|712
5454200094734841|01|27|856
4162960194055670|03|27|596
5363470075999917|08|30|306
5455126210121366|08|27|894
4748443170159603|09|28|100
5210690469616828|10|27|638
5210690256799407|10|27|950
5363470012622374|09|26|713
5455126215048846|04|27|935
5210690275543547|08|27|068
4183590486596100|10|26|767
5363470078736761|06|30|290
5363470067187877|10|29|559
5210690406104367|01|28|611
5125712020201108|12|26|842
4162960125562380|01|28|843
5210690555074106|11|27|891
5363470056774503|12|30|661
4162950381864729|12|27|962
5363340046604245|01|27|496
5343996253667244|10|26|232
4187490809760697|09|26|438
5488093708750109|05|27|827
5363480016061602|10|26|129
4183580523581108|09|26|729
4748440190460367|12|28|475
4162960115278849|10|27|740
4188984901098302|10|27|467
5210690265790371|05|27|627
5363470057569548|11|27|268
5423398905782500|10|26|703
4162950180324719|10|27|547
4895040519084772|02|27|035
4028939117781616|02|27|179
5286676349051079|12|27|818
5101860003638768|05|27|922
5424587005009389|10|26|299
5363470096822858|05|29|922
5210690249285209|12|26|979
4162960192171461|10|27|484
4622670782412936|04|27|619
5286672350348355|12|27|277
5179821146153005|12|27|293
5401274301272618|12|26|248
4748441440239742|10|30|570
5226040056374104|10|27|086
4183580635130109|04|27|893
4188984900902009|12|27|590
4895040567799248|02|27|690
5363470084812796|05|30|010
5363340046026241|10|27|339
4028939116497552|10|26|585
5363451112132803|10|27|548
4183590561195109|07|27|566
5401274300907420|10|26|456
5363470071742873|11|27|756
5455126215089782|12|27|717
4895040537063303|11|27|367
5318260027644398|11|26|927
5488093707547233|10|26|912
4162960172900202|11|28|264
5125711377801122|11|26|110
5226040057189105|11|27|492
5210690259408675|03|27|071
5102669017688977|10|27|450
4748441920183923|10|28|006
5454200252759499|09|27|560
5286671225723503|12|27|753
4748442010034992|04|28|264
5488093800507936|10|27|413
5179688829786009|11|26|702
5363470080399533|05|30|067
4532487201783600|10|27|966
5188690814565108|08|27|567
5363470188097062|01|32|586
4183580726765581|09|28|140
5488093916707735|03|27|412
5302200243038643|02|28|774
4311700935426008|02|29|470
5286670140691407|12|27|052
4368610213486016|06|29|538
4183580289949119|09|28|963
4782672308762014|05|29|061
4183590326699106|08|28|105
4748440660046928|07|27|651
4157640077978696|03|29|461
5496272079348947|11|27|125
5363470057623253|11|28|433
5540450504939318|10|28|473
4895040700290766|01|29|537
4404530350966032|12|28|700
5363470086541328|03|29|735
5424587009288286|12|28|073
5363470051182249|01|31|196
5102669017946037|10|27|496
4895040615432305|05|31|363
4782672402662938|02|29|258
5496272099945169|10|26|402
5363470055244078|03|30|785
4157640028904791|02|29|993
5363470059163498|04|31|816
5363470011406373|04|27|182
5125710957996112|10|28|272
4413600037879434|06|29|290
5455126210565703|08|28|327
4413600008553281|04|29|434
5455126210284867|11|27|888
5488093809525228|12|28|200
5363436016355717|07|27|370
4183580852208349|07|28|365
5318260032087013|03|27|842
4367414635983325|12|33|406
5318260044379796|01|29|517
5362577102634811|11|29|657
4367414888633726|08|30|355
5363478842905778|04|31|169
4367415117676501|07|36|518
4367414881497426|09|38|362
4367412580009955|08|42|760
4367414457623801|11|31|719
5424587001452328|07|30|130
4601860020809739|07|28|405
4367417395699353|11|27|668
4367415377082424|04|29|163
5125711942964108|11|26|568
4367412804053128|03|27|448
4413600087872818|09|29|924
4539716806914688|09|27|162
4367410592861959|08|32|612
4895041601404662|05|29|309
5318260041426749|08|28|215
4367418353865754|10|26|110
5363488345208075|04|30|875
5210690565978031|12|30|533
4283392580394931|03|28|621
4367412335827016|03|31|279
5210690566082148|06|27|410
4450863125372001|06|38|329
5455122805077766|10|29|676
5203539120917845|07|38|921
5235501765825859|08|31|031
5587698463815580|12|31|206
5125712198300286|09|27|804
5464970737792756|04|28|691
4367418835024368|09|27|776
5210690439166649|04|27|309
5447580919790098|08|30|418
4367413724890920|10|28|233
4367414808693727|03|31|471
4292530191016828|01|28|872
4367416292319479|11|31|053
4188984900860439|02|27|324
5488093908467520|09|28|065
4183580796942771|10|28|638
4183580244957108|10|27|238
5363470095356999|09|26|634
5210691000724238|06|41|584
4367416510317156|01|29|651
4367415379482424|02|40|841
4367414603970528|12|28|159
5210690700421053|06|31|768
4367416376262397|11|29|201
5267270034383253|03|31|014
4367417218317019|12|31|733
5362577113134033|02|29|917
5318260018733044|08|27|800
4649950107069176|02|40|706
4367410592835979|03|37|885
5488093915721729|11|27|387
5210691100268771|01|37|788
4367410081195711|11|30|508
4890131153496805|06|30|672
4367413077435117|09|31|349
5363480006928190|02|27|095
4367413845067234|08|29|923
4649950176069180|11|42|559
5210691000724667|07|39|020
5540455202339885|11|27|851
4367410377349972|02|30|749
5362577102638713|10|36|964
5210690236086271|10|26|834
4450861302134012|03|28|877
4601860024579106|06|31|071
5488093916641181|04|28|940
5318260023575448|02|28|919
4367414261473583|02|30|786
5210690567751659|03|32|464
4183590737197245|10|32|885
5424587008211396|05|28|532
4367412186828204|08|37|057
5455122802074980|04|27|267
4450861302110012|07|39|895
5121638071494652|12|30|523
4187490731130183|07|29|164
5210691500713145|06|42|782
4367410267612661|02|34|717
5203539146923678|10|26|883
5318260033291325|03|27|147
4367414417863802|05|31|947
5424587006261450|08|27|766
4649957930245816|12|34|838
4649950397416285|05|30|139
4649954126580973|03|33|418
4649951036792854|09|34|367
4649950659312784|07|35|332
4649956708932514|11|29|418
4649954786135092|06|30|149
4649954319750862|01|27|836
4649953594106782|10|26|319
5488093708928713|06|28|102
5488093708695148|02|34|221
5488093708271056|01|32|494
5488093708958017|03|29|312
5488093708460519|05|29|233
5488093708547836|08|28|139
5488093708078634|10|32|549
5488093708917658|03|30|129
5488093708486035|01|34|781
5312288074697247|04|27|546
4573581004169874|10|31|715
4895041701609004|07|29|180
4450861304104005|10|27|419
4665361825463528|08|28|359
5447580918363095|07|31|208
4649950176029176|01|40|583
5447580918394694|11|37|222
4367416212318478|03|37|081
4162950339978464|07|28|173
5437619002925500|07|27|318
5437619002920592|06|27|924
5210690515447798|12|27|439
5209244068924655|06|28|439
4391966661724998|10|28|969
5452357687054185|08|28|626
4649455292588162|01|29|051
4183580795375239|10|26|328
5210696139025969|05|30|022
4367413188459345|05|29|090
4367410423847318|12|31|865
4367410429421498|09|30|647
5203539132964389|10|26|838
5210690286204337|04|31|026
4367410347149924|02|28|359
4367415399085520|08|30|178
4367415950080605|10|27|001
5179827349294413|06|30|133
4601860037192228|05|27|451
5210690546386114|08|27|153
4895042296975966|06|28|895
4367410432745990|04|34|953
4895044327813638|05|29|394
